1,0,494
1,0,693
1,1,58
1,2,702
1,3,140
1,4,14
1,4,115
1,4,155
1,4,164
1,4,351
1,5,203
1,5,536
1,5,556
1,6,97
1,6,164
1,6,483
1,6,582
1,7,23
1,7,86
1,7,225
1,7,523
1,7,602
1,7,768
1,8,629
1,9,733
1,10,247
1,10,495
1,10,712
1,12,2
1,12,106
1,12,643
1,13,233
1,13,792
1,14,214
1,14,345
1,14,670
1,15,112
1,15,285
1,15,403
1,15,501
1,16,299
1,16,332
1,16,772
1,18,122
1,19,133
1,19,253
1,19,265
1,19,517
1,19,669
1,20,185
1,22,201
1,22,315
1,23,58
1,23,89
1,23,243
1,23,363
1,24,76
1,24,190
1,24,470
1,25,378
1,25,713
1,26,372
1,26,700
1,27,211
1,27,297
1,27,722
1,28,328
1,29,682
1,30,362
1,30,526
1,30,624
1,32,284
1,32,729
1,35,64
1,35,83
1,35,115
1,35,274
1,36,149
1,36,516
1,36,673
1,37,256
1,40,605
1,41,59
1,42,73
1,42,229
1,42,664
1,43,409
1,43,704
1,44,755
1,45,360
1,45,380
1,45,566
1,46,310
1,46,333
1,46,631
1,47,187
1,48,206
1,48,305
1,48,372
1,49,401
1,49,416
1,49,679
1,49,726
1,50,763
1,51,24
1,51,101
1,53,16
1,53,81
1,53,111
1,53,395
1,53,531
1,53,605
1,53,618
1,54,25
1,54,476
1,55,329
1,56,245
1,57,353
1,57,542
1,57,700
1,58,170
1,58,426
1,59,276
1,59,373
1,59,450
1,59,582
1,60,230
1,60,307
1,60,388
1,61,755
1,62,106
1,62,726
1,64,209
1,64,520
1,64,654
1,65,51
1,65,298
1,65,525
1,65,632
1,66,263
1,66,407
1,66,454
1,66,468
1,66,477
1,67,671
1,68,364
1,68,442
1,68,613
1,69,537
1,70,573
1,70,742
1,70,765
1,71,22
1,71,80
1,71,204
1,72,229
1,73,195
1,73,603
1,74,180
1,74,555
1,75,379
1,76,352
1,77,102
1,77,283
1,79,53
1,79,529
1,79,592
1,79,776
1,80,40
1,81,128
1,81,169
1,81,296
1,82,498
1,82,671
1,84,196
1,84,707
1,85,368
1,88,414
1,88,657
1,88,730
1,89,96
1,89,140
1,89,266
1,89,327
1,90,87
1,90,338
1,90,552
1,92,609
1,92,765
1,93,133
1,93,190
1,93,207
1,93,579
1,93,668
1,95,538
1,96,22
1,96,311
1,97,284
1,97,318
1,98,106
1,98,373
1,99,496
1,99,674
1,100,46
1,101,583
1,102,91
1,102,360
1,102,402
1,102,468
1,102,584
1,103,701
1,104,88
1,104,476
1,105,200
1,105,279
1,107,290
1,107,320
1,107,733
1,108,623
1,109,137
1,109,150
1,109,448
1,112,266
1,112,530
1,114,142
1,114,621
1,115,607
1,116,515
1,116,576
1,117,571
1,117,586
1,118,148
1,118,165
1,118,301
1,119,131
1,119,202
1,119,342
1,119,564
1,120,389
1,121,16
1,121,314
1,121,687
1,121,767
1,122,1
1,122,399
1,124,278
1,124,431
1,124,780
1,125,746
1,126,323
1,126,496
1,126,737
1,126,753
1,127,33
1,127,144
1,127,434
1,127,514
1,128,69
1,128,416
1,131,82
1,132,628
1,132,767
1,134,62
1,134,114
1,135,570
1,135,731
1,136,287
1,136,413
1,136,725
1,137,23
1,139,194
1,139,244
1,139,328
1,139,339
1,140,232
1,140,367
1,140,739
1,141,442
1,141,556
1,141,798
1,142,213
1,142,312
1,142,344
1,143,14
1,143,318
1,144,101
1,145,176
1,145,421
1,145,541
1,146,156
1,146,746
1,147,277
1,147,471
1,147,503
1,148,25
1,148,50
1,148,132
1,148,242
1,148,386
1,148,493
1,149,80
1,149,244
1,149,508
1,150,552
1,151,300
1,151,662
1,151,752
1,153,138
1,153,142
1,153,481
1,154,371
1,155,495
1,155,518
1,157,87
1,159,260
1,159,395
1,159,737
1,160,614
1,160,628
1,161,235
1,162,23
1,162,229
1,162,403
1,162,484
1,162,591
1,162,780
1,163,425
1,163,571
1,163,643
1,164,466
1,164,506
1,165,350
1,165,518
1,166,30
1,167,13
1,167,109
1,167,736
1,169,42
1,169,140
1,169,638
1,170,127
1,170,219
1,170,384
1,170,451
1,170,558
1,170,597
1,170,728
1,171,232
1,171,370
1,172,572
1,172,603
1,174,376
1,176,62
1,176,206
1,177,227
1,178,616
1,178,797
1,180,469
1,180,542
1,180,688
1,181,563
1,181,781
1,182,392
1,182,746
1,183,122
1,183,242
1,183,301
1,183,533
1,184,89
1,184,398
1,186,10
1,186,77
1,186,271
1,186,324
1,186,440
1,187,135
1,187,688
1,188,324
1,188,428
1,189,455
1,191,446
1,191,480
1,191,754
1,192,408
1,192,599
1,192,786
1,193,630
1,195,392
1,195,604
1,195,633
1,196,340
1,196,494
1,196,779
1,197,275
1,199,218
1,199,308
1,199,374
1,199,583
1,199,713
1,200,155
1,200,465
1,201,272
1,202,145
1,202,347
1,202,395
1,202,461
1,202,507
1,202,594
1,203,295
1,203,435
1,204,128
1,204,399
1,204,615
1,204,748
1,205,36
1,206,13
1,206,42
1,206,435
1,206,706
1,207,82
1,207,786
1,208,234
1,209,552
1,209,676
1,210,44
1,210,558
1,211,275
1,212,89
1,212,331
1,212,490
1,213,318
1,213,406
1,213,531
1,214,78
1,214,266
1,214,346
1,214,598
1,215,798
1,216,126
1,216,452
1,216,563
1,217,26
1,219,297
1,220,352
1,220,526
1,220,689
1,222,83
1,222,225
1,223,124
1,225,317
1,226,63
1,226,187
1,226,361
1,226,592
1,227,385
1,228,291
1,228,427
1,228,748
1,230,283
1,230,651
1,231,672
1,231,777
1,232,321
1,232,482
1,233,112
1,234,49
1,234,363
1,235,235
1,235,562
1,236,355
1,236,436
1,236,658
1,236,700
1,237,147
1,239,93
1,239,504
1,239,741
1,240,121
1,240,365
1,240,637
1,242,335
1,243,99
1,243,247
1,244,597
1,245,256
1,245,268
1,245,295
1,245,422
1,245,719
1,245,752
1,246,201
1,247,564
1,248,280
1,248,576
1,248,587
1,248,761
1,249,281
1,250,236
1,250,699
1,251,306
1,252,519
1,252,696
1,253,7
1,253,509
1,253,623
1,254,344
1,254,352
1,255,393
1,256,36
1,257,244
1,257,429
1,257,664
1,257,673
1,258,91
1,258,221
1,259,236
1,259,477
1,259,549
1,261,28
1,261,192
1,262,132
1,263,383
1,263,598
1,264,181
1,264,563
1,265,122
1,265,413
1,265,617
1,267,92
1,268,14
1,268,427
1,269,739
1,270,109
1,271,27
1,272,745
1,273,59
1,273,490
1,273,775
1,274,312
1,275,299
1,275,732
1,276,95
1,276,118
1,276,288
1,276,315
1,276,468
1,277,482
1,279,387
1,280,452
1,280,614
1,280,622
1,280,646
1,282,185
1,282,395
1,282,497
1,282,592
1,282,669
1,282,705
1,283,498
1,283,628
1,284,637
1,285,787
1,286,66
1,286,407
1,286,539
1,287,29
1,288,223
1,288,512
1,289,77
1,289,549
1,289,622
1,289,773
1,290,360
1,291,262
1,291,604
1,292,277
1,294,558
1,294,584
1,294,731
1,295,2
1,295,738
1,296,202
1,296,441
1,296,507
1,296,699
1,297,325
1,297,752
1,298,56
1,298,523
1,299,669
1,300,437
1,300,640
1,300,778
1,302,409
1,305,572
1,305,668
1,305,687
1,306,65
1,306,293
1,306,799
1,307,136
1,308,227
1,309,756
1,310,278
1,310,621
1,311,21
1,311,178
1,311,283
1,311,518
1,311,759
1,312,717
1,313,198
1,313,212
1,313,446
1,313,554
1,314,233
1,314,308
1,315,86
1,315,669
1,316,7
1,316,432
1,318,578
1,321,102
1,321,241
1,322,729
1,322,790
1,323,232
1,323,249
1,324,72
1,324,696
1,325,297
1,325,491
1,325,663
1,326,36
1,326,220
1,326,261
1,327,13
1,328,345
1,328,760
1,329,110
1,330,52
1,330,379
1,330,536
1,330,552
1,330,685
1,331,80
1,331,123
1,331,283
1,331,445
1,331,598
1,332,191
1,332,784
1,333,96
1,335,516
1,335,720
1,336,219
1,336,239
1,336,251
1,337,132
1,337,388
1,337,440
1,337,691
1,337,733
1,338,44
1,338,338
1,340,419
1,341,5
1,341,281
1,342,98
1,342,448
1,343,588
1,343,640
1,348,799
1,349,211
1,349,380
1,350,126
1,350,247
1,350,272
1,351,749
1,352,59
1,352,108
1,352,242
1,352,413
1,353,257
1,353,729
1,354,17
1,354,83
1,354,656
1,355,86
1,356,427
1,356,459
1,356,708
1,357,772
1,358,179
1,358,468
1,358,556
1,359,264
1,359,361
1,359,641
1,359,681
1,360,25
1,360,275
1,360,530
1,361,333
1,361,354
1,361,368
1,361,519
1,362,665
1,363,50
1,363,113
1,363,142
1,363,687
1,364,135
1,364,593
1,366,201
1,366,283
1,366,350
1,366,624
1,368,1
1,368,146
1,368,302
1,369,297
1,369,491
1,369,647
1,370,715
1,371,55
1,371,94
1,371,294
1,371,777
1,372,759
1,373,42
1,373,72
1,373,287
1,373,389
1,373,422
1,374,232
1,374,595
1,375,416
1,375,738
1,376,474
1,376,526
1,377,749
1,378,151
1,378,357
1,379,540
1,381,226
1,381,783
1,382,504
1,382,604
1,383,27
1,383,157
1,383,208
1,383,404
1,384,18
1,384,373
1,384,652
1,384,672
1,384,773
1,386,64
1,386,137
1,387,57
1,387,167
1,387,311
1,387,337
1,388,120
1,389,100
1,389,383
1,390,210
1,390,296
1,390,305
1,390,442
1,390,724
1,390,727
1,391,662
1,392,53
1,392,433
1,393,127
1,394,13
1,394,634
1,394,767
1,395,3
1,396,383
1,396,500
1,396,601
1,397,92
1,397,795
1,399,99
1,399,186
1,399,412
1,400,482
1,400,495
1,400,589
1,400,715
1,402,517
1,403,310
1,403,591
1,404,389
1,404,518
1,405,785
1,406,457
1,406,691
1,407,295
1,407,722
1,408,211
1,408,531
1,408,545
1,409,219
1,411,337
1,411,553
1,412,121
1,412,346
1,413,172
1,413,276
1,414,200
1,414,472
1,414,511
1,414,703
1,414,715
1,415,714
1,416,509
1,417,250
1,417,402
1,420,122
1,420,553
1,421,475
1,421,500
1,421,765
1,422,458
1,422,594
1,422,685
1,423,738
1,424,312
1,424,421
1,424,571
1,425,160
1,425,322
1,425,380
1,425,490
1,425,676
1,425,787
1,426,561
1,426,648
1,427,612
1,427,759
1,428,330
1,428,411
1,428,434
1,429,171
1,429,377
1,431,486
1,431,619
1,432,65
1,433,158
1,433,321
1,434,38
1,434,166
1,434,292
1,434,480
1,435,365
1,436,108
1,437,336
1,438,671
1,438,739
1,439,90
1,439,389
1,439,777
1,440,673
1,441,272
1,441,310
1,442,710
1,443,150
1,444,209
1,444,659
1,445,342
1,446,161
1,446,245
1,446,598
1,447,352
1,448,326
1,449,44
1,449,791
1,451,139
1,451,361
1,452,728
1,453,699
1,454,353
1,454,482
1,454,629
1,455,5
1,455,106
1,455,268
1,455,528
1,456,623
1,456,709
1,457,569
1,457,590
1,459,731
1,462,402
1,463,194
1,463,325
1,463,633
1,463,689
1,464,239
1,464,759
1,465,716
1,465,781
1,466,283
1,466,767
1,467,69
1,467,277
1,467,382
1,469,434
1,471,360
1,471,374
1,471,679
1,472,79
1,473,194
1,473,551
1,474,724
1,475,7
1,475,267
1,475,668
1,476,132
1,476,420
1,477,612
1,478,559
1,478,761
1,479,457
1,481,25
1,481,318
1,481,426
1,481,435
1,481,592
1,482,250
1,482,648
1,484,66
1,484,394
1,484,563
1,485,150
1,486,13
1,486,656
1,487,370
1,487,503
1,488,550
1,488,665
1,489,543
1,489,698
1,489,768
1,489,780
1,490,717
1,491,29
1,491,451
1,492,116
1,492,300
1,492,361
1,492,405
1,493,172
1,493,221
1,493,396
1,493,437
1,493,570
1,494,105
1,494,204
1,494,340
1,494,481
1,495,351
1,495,793
1,496,651
1,497,194
1,498,368
1,498,633
1,498,732
1,500,535
1,500,583
1,502,420
1,502,441
1,505,318
1,505,668
1,506,213
1,506,518
1,508,302
1,508,745
1,509,678
1,510,89
1,510,98
1,511,142
1,511,200
1,511,663
1,511,734
1,512,206
1,512,281
1,512,569
1,512,651
1,513,147
1,513,445
1,513,542
1,514,165
1,514,660
1,515,252
1,515,353
1,515,762
1,516,25
1,516,468
1,516,639
1,517,559
1,518,759
1,521,417
1,522,208
1,522,268
1,523,247
1,523,770
1,524,7
1,524,39
1,524,447
1,524,482
1,525,102
1,525,753
1,527,173
1,527,185
1,527,297
1,527,338
1,528,258
1,528,513
1,529,113
1,530,788
1,531,439
1,531,752
1,532,87
1,533,690
1,534,195
1,534,304
1,534,501
1,534,674
1,534,715
1,535,219
1,535,227
1,535,238
1,535,322
1,535,560
1,535,605
1,537,548
1,539,265
1,539,697
1,539,767
1,540,262
1,540,312
1,540,478
1,540,760
1,541,275
1,541,777
1,542,122
1,542,367
1,544,406
1,544,486
1,545,718
1,545,774
1,548,87
1,548,236
1,548,461
1,548,742
1,549,343
1,549,506
1,550,131
1,550,165
1,551,628
1,553,424
1,553,688
1,554,208
1,554,517
1,555,180
1,556,351
1,556,361
1,557,217
1,557,449
1,558,12
1,558,317
1,558,633
1,558,655
1,558,748
1,558,782
1,561,756
1,562,396
1,563,664
1,564,49
1,564,466
1,564,719
1,564,735
1,565,587
1,565,636
1,566,130
1,566,294
1,566,377
1,567,781
1,571,324
1,572,573
1,573,713
1,575,137
1,575,354
1,576,221
1,576,235
1,576,750
1,577,313
1,579,0
1,579,364
1,579,383
1,580,81
1,580,104
1,580,208
1,580,271
1,581,487
1,581,730
1,582,565
1,582,664
1,583,493
1,584,117
1,584,181
1,584,300
1,584,357
1,585,75
1,585,445
1,585,609
1,587,398
1,588,641
1,589,252
1,589,351
1,589,405
1,589,458
1,589,759
1,590,11
1,590,288
1,590,752
1,590,779
1,591,65
1,591,238
1,591,325
1,591,614
1,591,703
1,591,720
1,592,90
1,592,671
1,593,198
1,593,554
1,594,567
1,594,664
1,594,686
1,594,719
1,595,294
1,596,263
1,597,5
1,597,782
1,598,273
1,598,403
1,599,219
1,599,467
1,600,283
1,600,612
1,600,762
1,600,797
1,601,376
1,602,190
1,604,103
1,604,263
1,604,353
1,604,355
1,604,476
1,604,659
1,605,669
1,605,715
1,606,693
1,608,706
1,609,163
1,610,18
1,610,242
1,610,685
1,610,692
1,611,103
1,611,393
1,611,587
1,612,233
1,612,766
1,613,98
1,613,348
1,613,612
1,613,632
1,614,659
1,614,782
1,616,146
1,616,318
1,616,723
1,618,57
1,618,270
1,619,225
1,619,228
1,620,461
1,620,569
1,621,0
1,621,702
1,622,218
1,622,476
1,624,422
1,624,662
1,624,718
1,625,641
1,625,648
1,626,652
1,627,11
1,627,180
1,628,495
1,629,310
1,629,434
1,629,755
1,630,241
1,631,92
1,631,153
1,631,746
1,631,782
1,632,278
1,632,707
1,632,727
1,633,600
1,633,680
1,633,696
1,634,190
1,634,416
1,634,580
1,634,788
1,635,20
1,635,330
1,635,547
1,635,659
1,636,404
1,636,446
1,637,341
1,637,393
1,638,205
1,638,686
1,640,60
1,640,303
1,640,568
1,640,722
1,641,143
1,641,161
1,641,324
1,641,502
1,643,455
1,643,681
1,644,757
1,645,235
1,645,424
1,645,596
1,646,290
1,646,617
1,647,358
1,647,534
1,647,687
1,648,525
1,648,668
1,648,767
1,649,25
1,649,346
1,650,302
1,650,796
1,651,637
1,651,775
1,653,377
1,653,487
1,653,750
1,654,51
1,656,224
1,656,481
1,656,767
1,657,433
1,657,452
1,657,464
1,657,602
1,658,335
1,658,409
1,659,357
1,659,492
1,659,781
1,660,72
1,660,623
1,660,728
1,661,81
1,661,515
1,661,691
1,662,46
1,662,683
1,663,634
1,663,703
1,663,742
1,664,164
1,664,258
1,664,762
1,665,450
1,665,748
1,666,113
1,666,366
1,666,665
1,666,799
1,667,129
1,667,149
1,668,309
1,669,223
1,670,249
1,670,277
1,670,358
1,671,59
1,671,527
1,671,629
1,671,675
1,671,734
1,672,690
1,673,267
1,674,752
1,674,790
1,675,201
1,675,296
1,675,567
1,676,212
1,676,762
1,677,488
1,677,495
1,678,509
1,680,313
1,681,342
1,682,8
1,682,289
1,682,562
1,682,774
1,683,28
1,683,157
1,683,206
1,683,370
1,683,439
1,683,530
1,683,651
1,684,469
1,684,582
1,684,742
1,685,518
1,685,671
1,685,743
1,686,234
1,686,787
1,687,0
1,687,250
1,687,299
1,687,639
1,687,701
1,687,720
1,689,630
1,690,780
1,691,65
1,692,14
1,692,157
1,692,257
1,692,598
1,692,689
1,693,309
1,693,323
1,694,452
1,694,748
1,694,791
1,695,388
1,695,442
1,695,770
1,697,81
1,698,516
1,698,585
1,700,676
1,701,17
1,701,182
1,701,375
1,701,479
1,701,520
1,702,29
1,702,303
1,702,592
1,703,408
1,704,585
1,704,604
1,705,207
1,705,569
1,705,613
1,705,635
1,706,140
1,706,346
1,707,576
1,708,510
1,708,677
1,709,471
1,709,505
1,710,624
1,710,752
1,710,789
1,711,54
1,711,189
1,712,302
1,712,552
1,713,205
1,713,437
1,714,330
1,714,347
1,715,67
1,715,640
1,715,689
1,716,419
1,716,492
1,717,0
1,717,11
1,717,76
1,717,176
1,717,311
1,717,794
1,719,789
1,720,163
1,720,513
1,720,558
1,721,670
1,721,705
1,721,754
1,722,60
1,722,496
1,722,619
1,722,775
1,723,14
1,723,27
1,723,456
1,724,690
1,725,479
1,725,502
1,726,382
1,726,533
1,728,427
1,728,612
1,729,799
1,730,224
1,730,271
1,730,370
1,730,524
1,730,763
1,731,20
1,731,625
1,734,125
1,734,370
1,735,586
1,736,748
1,736,768
1,737,57
1,737,331
1,737,716
1,739,127
1,739,727
1,740,176
1,740,273
1,740,322
1,740,461
1,740,797
1,741,40
1,742,22
1,742,184
1,742,529
1,742,577
1,743,544
1,743,704
1,743,786
1,744,163
1,744,189
1,745,409
1,746,438
1,746,499
1,747,97
1,749,337
1,749,554
1,750,63
1,750,473
1,751,115
1,751,197
1,751,600
1,752,428
1,752,684
1,752,799
1,753,747
1,754,256
1,754,672
1,755,207
1,755,621
1,755,652
1,757,36
1,757,277
1,757,608
1,758,68
1,758,567
1,759,172
1,759,294
1,759,578
1,759,611
1,761,689
1,761,793
1,762,780
1,763,79
1,763,558
1,764,154
1,764,349
1,764,436
1,765,534
1,765,710
1,766,196
1,766,757
1,767,320
1,768,61
1,768,464
1,769,216
1,769,452
1,770,93
1,770,375
1,770,714
1,771,354
1,771,703
1,772,515
1,773,181
1,773,556
1,773,614
1,774,624
1,774,787
1,775,26
1,775,597
1,775,648
1,776,360
1,776,411
1,776,483
1,776,546
1,776,650
1,777,618
1,777,659
1,777,679
1,778,235
1,778,276
1,779,19
1,779,145
1,780,246
1,780,698
1,780,710
1,780,799
1,781,261
1,782,115
1,784,166
1,784,394
1,784,758
1,785,606
1,785,699
1,786,505
1,787,16
1,787,309
1,787,753
1,788,586
1,789,29
1,789,521
1,789,618
1,791,312
1,792,790
1,793,356
1,793,516
1,794,284
1,794,569
1,796,335
1,796,691
1,796,742
1,798,241
1,798,484
1,799,14
1,799,21
1,799,30
1,799,97
1,799,218
1,799,229
1,799,263
1,799,293
1,799,567
1,799,604
1,799,656
2,0,313
2,0,660
2,1,615
2,4,477
2,4,751
2,6,568
2,7,377
2,7,640
2,8,46
2,8,69
2,11,81
2,12,182
2,12,363
2,12,557
2,16,395
2,18,458
2,18,687
2,20,159
2,20,173
2,22,612
2,23,101
2,24,334
2,24,488
2,25,27
2,25,541
2,25,752
2,26,222
2,26,236
2,26,415
2,27,694
2,29,48
2,29,460
2,30,778
2,32,589
2,34,346
2,34,393
2,34,441
2,34,651
2,35,201
2,36,295
2,36,797
2,37,99
2,37,106
2,37,430
2,38,639
2,39,508
2,40,323
2,41,38
2,41,142
2,42,258
2,42,774
2,43,168
2,43,747
2,47,585
2,48,236
2,49,794
2,53,503
2,55,645
2,56,125
2,56,163
2,58,682
2,60,712
2,63,9
2,67,344
2,67,720
2,69,224
2,70,258
2,70,793
2,71,14
2,71,65
2,71,315
2,71,551
2,72,120
2,73,460
2,73,662
2,76,638
2,77,433
2,78,142
2,79,569
2,79,585
2,80,357
2,81,447
2,82,394
2,82,617
2,82,720
2,83,277
2,83,530
2,84,606
2,84,635
2,85,650
2,85,690
2,87,64
2,87,248
2,88,787
2,89,547
2,90,38
2,90,743
2,91,1
2,91,216
2,91,793
2,92,74
2,94,458
2,95,257
2,95,556
2,96,116
2,97,14
2,97,525
2,98,56
2,99,364
2,100,437
2,101,489
2,104,412
2,104,724
2,105,213
2,106,171
2,106,383
2,106,649
2,107,747
2,108,792
2,109,240
2,109,330
2,111,539
2,112,38
2,113,339
2,113,679
2,114,107
2,114,352
2,115,636
2,118,252
2,120,709
2,121,447
2,121,458
2,122,385
2,122,531
2,122,601
2,124,267
2,124,484
2,124,590
2,124,615
2,125,364
2,126,162
2,126,555
2,127,237
2,127,468
2,128,307
2,128,574
2,129,428
2,131,518
2,131,681
2,134,186
2,134,698
2,135,203
2,135,647
2,137,72
2,138,43
2,140,762
2,140,775
2,141,269
2,142,58
2,146,352
2,146,639
2,146,734
2,147,253
2,148,605
2,149,667
2,150,452
2,150,678
2,152,322
2,153,588
2,155,529
2,155,546
2,155,775
2,156,295
2,158,201
2,159,8
2,159,174
2,159,431
2,164,187
2,164,338
2,164,655
2,165,413
2,166,793
2,167,312
2,167,500
2,167,713
2,169,87
2,171,624
2,172,510
2,175,487
2,175,548
2,175,676
2,177,173
2,177,465
2,178,728
2,178,774
2,179,252
2,179,330
2,180,296
2,180,570
2,181,218
2,181,434
2,181,700
2,182,27
2,182,285
2,183,110
2,183,532
2,184,338
2,184,595
2,186,68
2,189,199
2,190,360
2,193,54
2,193,766
2,194,561
2,195,651
2,195,668
2,195,739
2,197,577
2,198,121
2,199,253
2,199,449
2,200,229
2,203,291
2,204,478
2,205,500
2,207,101
2,207,701
2,208,30
2,208,528
2,208,777
2,209,373
2,209,384
2,211,182
2,211,738
2,212,8
2,213,342
2,213,701
2,214,510
2,217,165
2,217,196
2,217,629
2,218,109
2,218,241
2,218,541
2,219,574
2,222,412
2,226,327
2,228,554
2,228,710
2,229,798
2,230,86
2,230,176
2,230,415
2,230,681
2,231,59
2,231,139
2,231,544
2,232,515
2,233,33
2,233,377
2,235,635
2,237,467
2,239,390
2,239,732
2,240,501
2,241,187
2,243,69
2,244,786
2,246,614
2,247,683
2,248,173
2,249,370
2,250,798
2,251,216
2,252,653
2,252,778
2,254,448
2,254,589
2,257,406
2,259,103
2,260,336
2,260,395
2,260,713
2,263,501
2,263,523
2,264,651
2,264,756
2,265,84
2,266,174
2,266,291
2,266,442
2,268,462
2,270,204
2,270,249
2,270,327
2,271,167
2,273,49
2,274,369
2,275,268
2,276,515
2,276,680
2,276,696
2,277,40
2,281,344
2,282,240
2,285,213
2,286,427
2,286,723
2,286,747
2,287,482
2,287,579
2,288,315
2,289,181
2,292,250
2,294,491
2,296,218
2,296,597
2,298,40
2,298,106
2,298,151
2,298,242
2,298,633
2,299,455
2,299,611
2,299,796
2,301,133
2,302,95
2,302,193
2,302,766
2,303,126
2,303,403
2,306,700
2,307,354
2,307,373
2,307,390
2,307,656
2,309,680
2,311,474
2,311,775
2,312,420
2,314,339
2,314,509
2,315,30
2,315,290
2,315,324
2,316,64
2,318,410
2,318,540
2,318,713
2,321,457
2,321,566
2,322,158
2,325,26
2,327,396
2,328,425
2,328,613
2,329,408
2,329,440
2,330,592
2,331,228
2,331,501
2,331,752
2,332,68
2,332,363
2,334,92
2,334,624
2,336,467
2,337,155
2,337,774
2,338,40
2,338,167
2,340,483
2,340,524
2,342,22
2,342,513
2,342,571
2,343,293
2,343,610
2,344,79
2,344,541
2,344,743
2,346,343
2,346,788
2,347,235
2,348,319
2,349,768
2,350,695
2,351,183
2,352,502
2,354,196
2,354,589
2,355,402
2,355,794
2,358,456
2,358,549
2,358,760
2,361,257
2,361,514
2,362,613
2,364,438
2,367,44
2,367,129
2,368,217
2,370,722
2,371,473
2,372,366
2,374,106
2,375,188
2,375,277
2,375,342
2,375,631
2,376,799
2,377,266
2,378,538
2,379,12
2,380,85
2,380,326
2,380,459
2,380,562
2,382,694
2,382,709
2,385,245
2,386,236
2,386,511
2,387,468
2,388,48
2,388,553
2,388,582
2,391,287
2,391,352
2,392,200
2,393,274
2,393,320
2,394,737
2,394,761
2,395,87
2,395,531
2,396,147
2,397,618
2,398,671
2,400,572
2,401,651
2,402,33
2,402,421
2,404,764
2,405,125
2,407,261
2,407,444
2,408,364
2,408,606
2,409,106
2,410,404
2,410,682
2,411,139
2,412,56
2,412,65
2,412,491
2,412,667
2,413,434
2,413,499
2,413,582
2,413,782
2,414,230
2,414,310
2,415,466
2,416,3
2,416,635
2,418,270
2,418,726
2,419,244
2,419,393
2,419,652
2,419,752
2,420,295
2,421,42
2,422,25
2,422,150
2,423,418
2,425,798
2,426,215
2,426,353
2,427,697
2,430,533
2,431,75
2,433,222
2,433,268
2,433,519
2,435,60
2,435,134
2,436,592
2,438,190
2,438,503
2,438,721
2,439,573
2,440,396
2,440,760
2,441,285
2,444,106
2,445,20
2,445,302
2,447,466
2,447,612
2,448,447
2,449,638
2,453,169
2,453,426
2,454,649
2,455,259
2,455,744
2,456,753
2,457,798
2,458,36
2,458,155
2,458,516
2,459,549
2,460,501
2,461,180
2,461,336
2,461,374
2,462,232
2,462,398
2,464,663
2,465,413
2,467,55
2,467,222
2,468,46
2,468,473
2,469,88
2,469,302
2,470,122
2,470,475
2,470,514
2,472,292
2,472,544
2,472,652
2,473,238
2,474,576
2,475,775
2,475,796
2,476,644
2,476,746
2,477,202
2,477,532
2,478,462
2,480,43
2,480,708
2,481,161
2,487,90
2,487,331
2,487,616
2,487,689
2,488,78
2,491,753
2,494,347
2,495,14
2,495,146
2,495,710
2,495,766
2,496,55
2,496,472
2,497,390
2,497,601
2,498,410
2,500,777
2,501,139
2,501,661
2,502,233
2,503,496
2,505,527
2,507,82
2,507,242
2,509,385
2,509,597
2,510,72
2,510,316
2,511,262
2,511,505
2,513,784
2,514,601
2,514,618
2,515,719
2,516,430
2,516,440
2,518,580
2,519,402
2,522,543
2,523,281
2,523,454
2,524,97
2,528,16
2,528,67
2,529,337
2,530,592
2,531,107
2,531,381
2,531,641
2,532,139
2,534,660
2,536,155
2,536,331
2,538,187
2,538,795
2,539,399
2,539,449
2,540,418
2,541,230
2,541,354
2,542,297
2,543,469
2,545,253
2,546,40
2,546,726
2,548,107
2,548,208
2,549,21
2,549,387
2,552,141
2,552,527
2,553,10
2,553,541
2,554,57
2,555,24
2,556,245
2,556,308
2,556,590
2,556,611
2,557,368
2,558,82
2,559,430
2,561,332
2,562,285
2,562,505
2,562,694
2,564,68
2,564,555
2,567,217
2,568,198
2,569,529
2,570,176
2,572,480
2,572,595
2,572,793
2,573,71
2,574,416
2,576,97
2,576,249
2,576,257
2,577,655
2,578,579
2,578,640
2,580,154
2,582,741
2,584,31
2,585,138
2,585,341
2,586,628
2,587,115
2,587,602
2,591,55
2,591,388
2,592,166
2,595,81
2,596,39
2,596,679
2,597,541
2,598,309
2,598,516
2,599,371
2,599,507
2,599,606
2,600,437
2,603,337
2,603,390
2,603,557
2,603,640
2,604,209
2,604,411
2,604,429
2,605,183
2,605,252
2,605,568
2,606,59
2,608,304
2,609,523
2,609,743
2,610,172
2,611,597
2,614,375
2,616,133
2,617,118
2,617,388
2,619,29
2,619,85
2,619,738
2,621,125
2,621,286
2,622,78
2,623,491
2,628,47
2,630,622
2,632,368
2,632,440
2,633,536
2,634,555
2,635,102
2,636,188
2,636,263
2,637,743
2,640,119
2,640,509
2,641,321
2,642,217
2,644,444
2,646,85
2,647,145
2,648,245
2,648,274
2,648,557
2,649,15
2,649,393
2,649,647
2,650,284
2,651,547
2,651,578
2,652,573
2,653,158
2,653,217
2,653,788
2,654,66
2,654,428
2,654,719
2,660,442
2,661,186
2,663,292
2,663,473
2,664,596
2,667,231
2,669,593
2,670,339
2,673,174
2,673,383
2,675,577
2,677,107
2,679,115
2,679,416
2,679,615
2,681,400
2,682,46
2,682,601
2,682,628
2,683,277
2,683,709
2,684,23
2,686,500
2,686,761
2,688,143
2,689,420
2,689,548
2,690,52
2,690,94
2,692,539
2,693,108
2,693,252
2,695,76
2,695,370
2,695,649
2,697,727
2,698,231
2,698,275
2,701,164
2,701,320
2,702,703
2,704,395
2,704,564
2,705,463
2,707,172
2,709,294
2,709,369
2,709,487
2,710,341
2,711,242
2,711,411
2,712,44
2,713,228
2,714,130
2,714,526
2,714,746
2,715,760
2,716,606
2,717,196
2,718,110
2,719,283
2,719,366
2,722,597
2,723,317
2,727,549
2,728,476
2,728,568
2,728,655
2,729,72
2,731,221
2,731,355
2,731,442
2,733,640
2,735,264
2,735,297
2,740,284
2,740,396
2,740,515
2,741,6
2,741,80
2,741,662
2,742,91
2,743,349
2,745,231
2,745,364
2,746,616
2,749,776
2,751,448
2,751,730
2,752,174
2,752,330
2,752,496
2,752,587
2,753,305
2,754,293
2,754,381
2,755,185
2,755,631
2,759,707
2,761,122
2,761,406
2,762,133
2,762,423
2,763,55
2,764,146
2,764,503
2,766,337
2,767,208
2,770,42
2,771,384
2,771,733
2,772,7
2,772,113
2,773,581
2,775,228
2,775,404
2,777,314
2,781,123
2,781,769
2,782,464
2,782,738
2,783,511
2,785,628
2,785,639
2,787,44
2,788,80
2,788,189
2,788,473
2,789,139
2,789,436
2,790,178
2,790,204
2,790,730
2,791,350
2,791,429
2,791,557
2,793,546
2,794,156
2,798,397
